val_accuracy: 0.9065466523170471
val_loss: 0.35134080052375793
